    100    100      1      1      2
      1      1      2  0.24758777E+01  0.11405016E-07 -0.14786933E-06  0.26004896E-01  0.10000000E+01  0.10000000E+01  0.24737942E+01  0.78082116E-01 -0.13940232E-02  0.26072094E-01  0.10000000E+01 -0.10000000E+01
      2      2      3  0.24737942E+01  0.78082116E-01 -0.13940232E-02  0.26072094E-01  0.10000000E+01  0.10000000E+01  0.24674514E+01  0.15656027E+00 -0.28492294E-02  0.26266659E-01  0.10000000E+01 -0.10000000E+01
      3      3      4  0.24674514E+01  0.15656027E+00 -0.28492294E-02  0.26266659E-01  0.10000000E+01  0.10000000E+01  0.24565800E+01  0.23578956E+00 -0.44218615E-02  0.26568593E-01  0.10000000E+01 -0.10000000E+01
      4      4      5  0.24565800E+01  0.23578956E+00 -0.44218615E-02  0.26568593E-01  0.10000000E+01  0.10000000E+01  0.24407544E+01  0.31604932E+00 -0.61592210E-02  0.26948042E-01  0.10000000E+01 -0.10000000E+01
      5      5      6  0.24407544E+01  0.31604932E+00 -0.61592210E-02  0.26948042E-01  0.10000000E+01  0.10000000E+01  0.24194251E+01  0.39752122E+00 -0.80960066E-02  0.27370798E-01  0.10000000E+01 -0.10000000E+01
      6      6      7  0.24194251E+01  0.39752122E+00 -0.80960066E-02  0.27370798E-01  0.10000000E+01  0.10000000E+01  0.23919583E+01  0.48028630E+00 -0.10253687E-01  0.27805377E-01  0.10000000E+01 -0.10000000E+01
      7      7      8  0.23919583E+01  0.48028630E+00 -0.10253687E-01  0.27805377E-01  0.10000000E+01  0.10000000E+01  0.23576712E+01  0.56434347E+00 -0.12644249E-01  0.28229574E-01  0.10000000E+01 -0.10000000E+01
      8      8      9  0.23576712E+01  0.56434347E+00 -0.12644249E-01  0.28229574E-01  0.10000000E+01  0.10000000E+01  0.23158494E+01  0.64964278E+00 -0.15279049E-01  0.28632664E-01  0.10000000E+01 -0.10000000E+01
      9      9     10  0.23158494E+01  0.64964278E+00 -0.15279049E-01  0.28632664E-01  0.10000000E+01  0.10000000E+01  0.22657307E+01  0.73611284E+00 -0.18181047E-01  0.29008460E-01  0.10000000E+01 -0.10000000E+01
     10     10     11  0.22657307E+01  0.73611284E+00 -0.18181047E-01  0.29008460E-01  0.10000000E+01  0.10000000E+01  0.22064468E+01  0.82363766E+00 -0.21400199E-01  0.29326109E-01  0.10000000E+01 -0.10000000E+01
     11     11     12  0.22064468E+01  0.82363766E+00 -0.21400199E-01  0.29326109E-01  0.10000000E+01  0.10000000E+01  0.21369296E+01  0.91189754E+00 -0.25019221E-01  0.29466235E-01  0.10000000E+01 -0.10000000E+01
     12     12     13  0.21369296E+01  0.91189754E+00 -0.25019221E-01  0.29466235E-01  0.10000000E+01  0.10000000E+01  0.20558373E+01  0.99994529E+00 -0.29128295E-01  0.29109311E-01  0.10000000E+01 -0.10000000E+01
     13     13     14  0.20558373E+01  0.99994529E+00 -0.29128295E-01  0.29109311E-01  0.10000000E+01  0.10000000E+01  0.19616598E+01  0.10854240E+01 -0.33726594E-01  0.27615797E-01  0.10000000E+01 -0.10000000E+01
     14     14     15  0.19616598E+01  0.10854240E+01 -0.33726594E-01  0.27615797E-01  0.10000000E+01  0.10000000E+01  0.18532462E+01  0.11634962E+01 -0.38538577E-01  0.23971277E-01  0.10000000E+01 -0.10000000E+01
     15     15     16  0.18532462E+01  0.11634962E+01 -0.38538577E-01  0.23971277E-01  0.10000000E+01  0.10000000E+01  0.17309713E+01  0.12258008E+01 -0.42783887E-01  0.16889558E-01  0.10000000E+01 -0.10000000E+01
     16     16     17  0.17309713E+01  0.12258008E+01 -0.42783887E-01  0.16889558E-01  0.10000000E+01  0.10000000E+01  0.15984865E+01  0.12606422E+01 -0.45088501E-01  0.57309077E-02  0.10000000E+01 -0.10000000E+01
     17     17     18  0.15984865E+01  0.12606422E+01 -0.45088501E-01  0.57309077E-02  0.10000000E+01  0.10000000E+01  0.14635093E+01  0.12584406E+01 -0.44404084E-01 -0.70754963E-02  0.10000000E+01 -0.10000000E+01
     18     18     19  0.14635093E+01  0.12584406E+01 -0.44404084E-01 -0.70754963E-02  0.10000000E+01  0.10000000E+01  0.13343743E+01  0.12207271E+01 -0.41403383E-01 -0.17549191E-01  0.10000000E+01 -0.10000000E+01
     19     19     20  0.13343743E+01  0.12207271E+01 -0.41403383E-01 -0.17549191E-01  0.10000000E+01  0.10000000E+01  0.12167162E+01  0.11551603E+01 -0.36703620E-01 -0.26070638E-01  0.10000000E+01 -0.10000000E+01
     20     20     21  0.12167162E+01  0.11551603E+01 -0.36703620E-01 -0.26070638E-01  0.10000000E+01  0.10000000E+01  0.11169502E+01  0.10636366E+01 -0.29206598E-01 -0.35147719E-01  0.10000000E+01 -0.10000000E+01
     21     21     22  0.11169502E+01  0.10636366E+01 -0.29206598E-01 -0.35147719E-01  0.10000000E+01  0.10000000E+01  0.10451276E+01  0.94409747E+00 -0.18250443E-01 -0.44176976E-01  0.10000000E+01 -0.10000000E+01
     22     22     23  0.10451276E+01  0.94409747E+00 -0.18250443E-01 -0.44176976E-01  0.10000000E+01  0.10000000E+01  0.10069970E+01  0.80416103E+00 -0.77928057E-02 -0.47790857E-01  0.10000000E+01 -0.10000000E+01
     23     23     24  0.10069970E+01  0.80416103E+00 -0.77928057E-02 -0.47790857E-01  0.10000000E+01  0.10000000E+01  0.99304309E+00  0.66453278E+00 -0.23636367E-02 -0.44515072E-01  0.10000000E+01 -0.10000000E+01
     24     24     25  0.99304309E+00  0.66453278E+00 -0.23636367E-02 -0.44515072E-01  0.10000000E+01  0.10000000E+01  0.98910519E+00  0.53909419E+00 -0.63974432E-03 -0.39100769E-01  0.10000000E+01 -0.10000000E+01
     25     25     26  0.98910519E+00  0.53909419E+00 -0.63974432E-03 -0.39100769E-01  0.10000000E+01  0.10000000E+01  0.98793993E+00  0.42908843E+00 -0.24584055E-03 -0.34438942E-01  0.10000000E+01 -0.10000000E+01
     26     26     27  0.98793993E+00  0.42908843E+00 -0.24584055E-03 -0.34438942E-01  0.10000000E+01  0.10000000E+01  0.98731513E+00  0.33120193E+00 -0.19047807E-03 -0.31016943E-01  0.10000000E+01 -0.10000000E+01
     27     27     28  0.98731513E+00  0.33120193E+00 -0.19047807E-03 -0.31016943E-01  0.10000000E+01  0.10000000E+01  0.98675835E+00  0.24192314E+00 -0.17770211E-03 -0.28659359E-01  0.10000000E+01 -0.10000000E+01
     28     28     29  0.98675835E+00  0.24192314E+00 -0.17770211E-03 -0.28659359E-01  0.10000000E+01  0.10000000E+01  0.98626807E+00  0.15841676E+00 -0.14179787E-03 -0.27135092E-01  0.10000000E+01 -0.10000000E+01
     29     29     30  0.98626807E+00  0.15841676E+00 -0.14179787E-03 -0.27135092E-01  0.10000000E+01  0.10000000E+01  0.98592879E+00  0.78446520E-01 -0.78714091E-04 -0.26280717E-01  0.10000000E+01 -0.10000000E+01
     30     30     31  0.98592879E+00  0.78446520E-01 -0.78714091E-04 -0.26280717E-01  0.10000000E+01  0.10000000E+01  0.98580740E+00  0.15649743E-03 -0.18021489E-06 -0.26004895E-01  0.10000000E+01 -0.10000000E+01
     31     31     32  0.98580740E+00  0.15649743E-03 -0.18021489E-06 -0.26004895E-01  0.10000000E+01  0.10000000E+01  0.98592786E+00 -0.78130218E-01  0.78387857E-04 -0.26278496E-01  0.10000000E+01 -0.10000000E+01
     32     32     33  0.98592786E+00 -0.78130218E-01  0.78387857E-04 -0.26278496E-01  0.10000000E+01  0.10000000E+01  0.98626638E+00 -0.15809019E+00  0.14155802E-03 -0.27130416E-01  0.10000000E+01 -0.10000000E+01
     33     33     34  0.98626638E+00 -0.15809019E+00  0.14155802E-03 -0.27130416E-01  0.10000000E+01  0.10000000E+01  0.98675624E+00 -0.24157821E+00  0.17757154E-03 -0.28651705E-01  0.10000000E+01 -0.10000000E+01
     34     34     35  0.98675624E+00 -0.24157821E+00  0.17757154E-03 -0.28651705E-01  0.10000000E+01  0.10000000E+01  0.98731286E+00 -0.33082808E+00  0.19036923E-03 -0.31005037E-01  0.10000000E+01 -0.10000000E+01
     35     35     36  0.98731286E+00 -0.33082808E+00  0.19036923E-03 -0.31005037E-01  0.10000000E+01  0.10000000E+01  0.98793692E+00 -0.42866328E+00  0.24515908E-03 -0.34413909E-01  0.10000000E+01 -0.10000000E+01
     36     36     37  0.98793692E+00 -0.42866328E+00  0.24515908E-03 -0.34413909E-01  0.10000000E+01  0.10000000E+01  0.98909514E+00 -0.53847645E+00  0.63377716E-03 -0.38965818E-01  0.10000000E+01 -0.10000000E+01
     37     37     38  0.98909514E+00 -0.53847645E+00  0.63377716E-03 -0.38965818E-01  0.10000000E+01  0.10000000E+01  0.99293683E+00 -0.66251261E+00  0.22660671E-02 -0.43467738E-01  0.10000000E+01 -0.10000000E+01
     38     38     39  0.99293683E+00 -0.66251261E+00  0.22660671E-02 -0.43467738E-01  0.10000000E+01  0.10000000E+01  0.10053719E+01 -0.79381451E+00  0.64194119E-02 -0.42455709E-01  0.10000000E+01 -0.10000000E+01
     39     39     40  0.10053719E+01 -0.79381451E+00  0.64194119E-02 -0.42455709E-01  0.10000000E+01  0.10000000E+01  0.10317904E+01 -0.90807638E+00  0.10768116E-01 -0.32633931E-01  0.10000000E+01 -0.10000000E+01
     40     40     41  0.10317904E+01 -0.90807638E+00  0.10768116E-01 -0.32633931E-01  0.10000000E+01  0.10000000E+01  0.10663097E+01 -0.98875659E+00  0.11764561E-01 -0.21771773E-01  0.10000000E+01 -0.10000000E+01
     41     41     42  0.10663097E+01 -0.98875659E+00  0.11764561E-01 -0.21771773E-01  0.10000000E+01  0.10000000E+01  0.11005280E+01 -0.10426793E+01  0.10920021E-01 -0.14797927E-01  0.10000000E+01 -0.10000000E+01
     42     42     43  0.11005280E+01 -0.10426793E+01  0.10920021E-01 -0.14797927E-01  0.10000000E+01  0.10000000E+01  0.11315717E+01 -0.10804137E+01  0.97776886E-02 -0.10705504E-01  0.10000000E+01 -0.10000000E+01
     43     43     44  0.11315717E+01 -0.10804137E+01  0.97776886E-02 -0.10705504E-01  0.10000000E+01  0.10000000E+01  0.11593455E+01 -0.11084789E+01  0.87680971E-02 -0.81923352E-02  0.10000000E+01 -0.10000000E+01
     44     44     45  0.11593455E+01 -0.11084789E+01  0.87680971E-02 -0.81923352E-02  0.10000000E+01  0.10000000E+01  0.11843794E+01 -0.11304312E+01  0.79504365E-02 -0.65483782E-02  0.10000000E+01 -0.10000000E+01
     45     45     46  0.11843794E+01 -0.11304312E+01  0.79504365E-02 -0.65483782E-02  0.10000000E+01  0.10000000E+01  0.12072166E+01 -0.11482690E+01  0.72981265E-02 -0.54072088E-02  0.10000000E+01 -0.10000000E+01
     46     46     47  0.12072166E+01 -0.11482690E+01  0.72981265E-02 -0.54072088E-02  0.10000000E+01  0.10000000E+01  0.12282991E+01 -0.11631832E+01  0.67753878E-02 -0.45761000E-02  0.10000000E+01 -0.10000000E+01
     47     47     48  0.12282991E+01 -0.11631832E+01  0.67753878E-02 -0.45761000E-02  0.10000000E+01  0.10000000E+01  0.12479699E+01 -0.11759248E+01  0.63528562E-02 -0.39450200E-02  0.10000000E+01 -0.10000000E+01
     48     48     49  0.12479699E+01 -0.11759248E+01  0.63528562E-02 -0.39450200E-02  0.10000000E+01  0.10000000E+01  0.12664942E+01 -0.11869883E+01  0.60078998E-02 -0.34493109E-02  0.10000000E+01 -0.10000000E+01
     49     49     50  0.12664942E+01 -0.11869883E+01  0.60078998E-02 -0.34493109E-02  0.10000000E+01  0.10000000E+01  0.12840782E+01 -0.11967158E+01  0.57235966E-02 -0.30489939E-02  0.10000000E+01 -0.10000000E+01
     50     50     51  0.12840782E+01 -0.11967158E+01  0.57235966E-02 -0.30489939E-02  0.10000000E+01  0.10000000E+01  0.13008844E+01 -0.12053504E+01  0.54878002E-02 -0.27170286E-02  0.10000000E+01 -0.10000000E+01
     51     51     52  0.13008844E+01 -0.12053504E+01  0.54878002E-02 -0.27170286E-02  0.10000000E+01  0.10000000E+01  0.13170445E+01 -0.12130680E+01  0.52914882E-02 -0.24352438E-02  0.10000000E+01 -0.10000000E+01
     52     52     53  0.13170445E+01 -0.12130680E+01  0.52914882E-02 -0.24352438E-02  0.10000000E+01  0.10000000E+01  0.13326657E+01 -0.12199999E+01  0.51274962E-02 -0.21915092E-02  0.10000000E+01 -0.10000000E+01
     53     53     54  0.13326657E+01 -0.12199999E+01  0.51274962E-02 -0.21915092E-02  0.10000000E+01  0.10000000E+01  0.13478365E+01 -0.12262463E+01  0.49905232E-02 -0.19770496E-02  0.10000000E+01 -0.10000000E+01
     54     54     55  0.13478365E+01 -0.12262463E+01  0.49905232E-02 -0.19770496E-02  0.10000000E+01  0.10000000E+01  0.13626319E+01 -0.12318845E+01  0.48766106E-02 -0.17849368E-02  0.10000000E+01 -0.10000000E+01
     55     55     56  0.13626319E+01 -0.12318845E+01  0.48766106E-02 -0.17849368E-02  0.10000000E+01  0.10000000E+01  0.13771161E+01 -0.12369730E+01  0.47826155E-02 -0.16099117E-02  0.10000000E+01 -0.10000000E+01
     56     56     57  0.13771161E+01 -0.12369730E+01  0.47826155E-02 -0.16099117E-02  0.10000000E+01  0.10000000E+01  0.13913450E+01 -0.12415573E+01  0.47059739E-02 -0.14482212E-02  0.10000000E+01 -0.10000000E+01
     57     57     58  0.13913450E+01 -0.12415573E+01  0.47059739E-02 -0.14482212E-02  0.10000000E+01  0.10000000E+01  0.14053674E+01 -0.12456728E+01  0.46447163E-02 -0.12970339E-02  0.10000000E+01 -0.10000000E+01
     58     58     59  0.14053674E+01 -0.12456728E+01  0.46447163E-02 -0.12970339E-02  0.10000000E+01  0.10000000E+01  0.14192271E+01 -0.12493475E+01  0.45972741E-02 -0.11538589E-02  0.10000000E+01 -0.10000000E+01
     59     59     60  0.14192271E+01 -0.12493475E+01  0.45972741E-02 -0.11538589E-02  0.10000000E+01  0.10000000E+01  0.14329637E+01 -0.12526018E+01  0.45625184E-02 -0.10165098E-02  0.10000000E+01 -0.10000000E+01
     60     60     61  0.14329637E+01 -0.12526018E+01  0.45625184E-02 -0.10165098E-02  0.10000000E+01  0.10000000E+01  0.14466141E+01 -0.12554506E+01  0.45395892E-02 -0.88322897E-03  0.10000000E+01 -0.10000000E+01
     61     61     62  0.14466141E+01 -0.12554506E+01  0.45395892E-02 -0.88322897E-03  0.10000000E+01  0.10000000E+01  0.14602123E+01 -0.12579039E+01  0.45277032E-02 -0.75266831E-03  0.10000000E+01 -0.10000000E+01
     62     62     63  0.14602123E+01 -0.12579039E+01  0.45277032E-02 -0.75266831E-03  0.10000000E+01  0.10000000E+01  0.14737909E+01 -0.12599682E+01  0.45264045E-02 -0.62370139E-03  0.10000000E+01 -0.10000000E+01
     63     63     64  0.14737909E+01 -0.12599682E+01  0.45264045E-02 -0.62370139E-03  0.10000000E+01  0.10000000E+01  0.14873810E+01 -0.12616465E+01  0.45354139E-02 -0.49515031E-03  0.10000000E+01 -0.10000000E+01
     64     64     65  0.14873810E+01 -0.12616465E+01  0.45354139E-02 -0.49515031E-03  0.10000000E+01  0.10000000E+01  0.15010136E+01 -0.12629383E+01  0.45546635E-02 -0.36577439E-03  0.10000000E+01 -0.10000000E+01
     65     65     66  0.15010136E+01 -0.12629383E+01  0.45546635E-02 -0.36577439E-03  0.10000000E+01  0.10000000E+01  0.15147194E+01 -0.12638392E+01  0.45842435E-02 -0.23442036E-03  0.10000000E+01 -0.10000000E+01
     66     66     67  0.15147194E+01 -0.12638392E+01  0.45842435E-02 -0.23442036E-03  0.10000000E+01  0.10000000E+01  0.15285296E+01 -0.12643418E+01  0.46244052E-02 -0.10011641E-03  0.10000000E+01 -0.10000000E+01
     67     67     68  0.15285296E+01 -0.12643418E+01  0.46244052E-02 -0.10011641E-03  0.10000000E+01  0.10000000E+01  0.15424768E+01 -0.12644360E+01  0.46755403E-02  0.38054975E-04  0.10000000E+01 -0.10000000E+01
     68     68     69  0.15424768E+01 -0.12644360E+01  0.46755403E-02  0.38054975E-04  0.10000000E+01  0.10000000E+01  0.15565946E+01 -0.12641085E+01  0.47384009E-02  0.18121085E-03  0.10000000E+01 -0.10000000E+01
     69     69     70  0.15565946E+01 -0.12641085E+01  0.47384009E-02  0.18121085E-03  0.10000000E+01  0.10000000E+01  0.15709198E+01 -0.12633423E+01  0.48139088E-02  0.33081376E-03  0.10000000E+01 -0.10000000E+01
     70     70     71  0.15709198E+01 -0.12633423E+01  0.48139088E-02  0.33081376E-03  0.10000000E+01  0.10000000E+01  0.15854919E+01 -0.12621155E+01  0.49032513E-02  0.48856210E-03  0.10000000E+01 -0.10000000E+01
     71     71     72  0.15854919E+01 -0.12621155E+01  0.49032513E-02  0.48856210E-03  0.10000000E+01  0.10000000E+01  0.16003549E+01 -0.12604010E+01  0.50081839E-02  0.65627331E-03  0.10000000E+01 -0.10000000E+01
     72     72     73  0.16003549E+01 -0.12604010E+01  0.50081839E-02  0.65627331E-03  0.10000000E+01  0.10000000E+01  0.16155586E+01 -0.12581659E+01  0.51306641E-02  0.83593401E-03  0.10000000E+01 -0.10000000E+01
     73     73     74  0.16155586E+01 -0.12581659E+01  0.51306641E-02  0.83593401E-03  0.10000000E+01  0.10000000E+01  0.16311592E+01 -0.12553709E+01  0.52734154E-02  0.10301304E-02  0.10000000E+01 -0.10000000E+01
     74     74     75  0.16311592E+01 -0.12553709E+01  0.52734154E-02  0.10301304E-02  0.10000000E+01  0.10000000E+01  0.16472229E+01 -0.12519671E+01  0.54400352E-02  0.12424451E-02  0.10000000E+01 -0.10000000E+01
     75     75     76  0.16472229E+01 -0.12519671E+01  0.54400352E-02  0.12424451E-02  0.10000000E+01  0.10000000E+01  0.16638277E+01 -0.12478935E+01  0.56349703E-02  0.14774732E-02  0.10000000E+01 -0.10000000E+01
     76     76     77  0.16638277E+01 -0.12478935E+01  0.56349703E-02  0.14774732E-02  0.10000000E+01  0.10000000E+01  0.16810671E+01 -0.12430738E+01  0.58642629E-02  0.17409957E-02  0.10000000E+01 -0.10000000E+01
     77     77     78  0.16810671E+01 -0.12430738E+01  0.58642629E-02  0.17409957E-02  0.10000000E+01  0.10000000E+01  0.16990560E+01 -0.12374113E+01  0.61361638E-02  0.20407849E-02  0.10000000E+01 -0.10000000E+01
     78     78     79  0.16990560E+01 -0.12374113E+01  0.61361638E-02  0.20407849E-02  0.10000000E+01  0.10000000E+01  0.17179378E+01 -0.12307819E+01  0.64616327E-02  0.23878410E-02  0.10000000E+01 -0.10000000E+01
     79     79     80  0.17179378E+01 -0.12307819E+01  0.64616327E-02  0.23878410E-02  0.10000000E+01  0.10000000E+01  0.17378949E+01 -0.12230215E+01  0.68561461E-02  0.27977664E-02  0.10000000E+01 -0.10000000E+01
     80     80     81  0.17378949E+01 -0.12230215E+01  0.68561461E-02  0.27977664E-02  0.10000000E+01  0.10000000E+01  0.17591663E+01 -0.12139101E+01  0.73421229E-02  0.32930908E-02  0.10000000E+01 -0.10000000E+01
     81     81     82  0.17591663E+01 -0.12139101E+01  0.73421229E-02  0.32930908E-02  0.10000000E+01  0.10000000E+01  0.17820721E+01 -0.12031432E+01  0.79523034E-02  0.39084147E-02  0.10000000E+01 -0.10000000E+01
     82     82     83  0.17820721E+01 -0.12031432E+01  0.79523034E-02  0.39084147E-02  0.10000000E+01  0.10000000E+01  0.18070551E+01 -0.11902854E+01  0.87370181E-02  0.46982483E-02  0.10000000E+01 -0.10000000E+01
     83     83     84  0.18070551E+01 -0.11902854E+01  0.87370181E-02  0.46982483E-02  0.10000000E+01  0.10000000E+01  0.18347499E+01 -0.11746903E+01  0.97763365E-02  0.57522807E-02  0.10000000E+01 -0.10000000E+01
     84     84     85  0.18347499E+01 -0.11746903E+01  0.97763365E-02  0.57522807E-02  0.10000000E+01  0.10000000E+01  0.18660992E+01 -0.11553519E+01  0.11199636E-01  0.72268809E-02  0.10000000E+01 -0.10000000E+01
     85     85     86  0.18660992E+01 -0.11553519E+01  0.11199636E-01  0.72268809E-02  0.10000000E+01  0.10000000E+01  0.19025530E+01 -0.11306289E+01  0.13223431E-01  0.94037970E-02  0.10000000E+01 -0.10000000E+01
     86     86     87  0.19025530E+01 -0.11306289E+01  0.13223431E-01  0.94037970E-02  0.10000000E+01  0.10000000E+01  0.19463493E+01 -0.10977447E+01  0.16146738E-01  0.12766923E-01  0.10000000E+01 -0.10000000E+01
     87     87     88  0.19463493E+01 -0.10977447E+01  0.16146738E-01  0.12766923E-01  0.10000000E+01  0.10000000E+01  0.20005159E+01 -0.10522071E+01  0.20136231E-01  0.17947229E-01  0.10000000E+01 -0.10000000E+01
     88     88     89  0.20005159E+01 -0.10522071E+01  0.20136231E-01  0.17947229E-01  0.10000000E+01  0.10000000E+01  0.20665993E+01 -0.98907247E+00  0.23595531E-01  0.24097922E-01  0.10000000E+01 -0.10000000E+01
     89     89     90  0.20665993E+01 -0.98907247E+00  0.23595531E-01  0.24097922E-01  0.10000000E+01  0.10000000E+01  0.21387453E+01 -0.90975515E+00  0.23788905E-01  0.28122801E-01  0.10000000E+01 -0.10000000E+01
     90     90     91  0.21387453E+01 -0.90975515E+00  0.23788905E-01  0.28122801E-01  0.10000000E+01  0.10000000E+01  0.22066483E+01 -0.82336150E+00  0.21253348E-01  0.29138574E-01  0.10000000E+01 -0.10000000E+01
     91     91     92  0.22066483E+01 -0.82336150E+00  0.21253348E-01  0.29138574E-01  0.10000000E+01  0.10000000E+01  0.22657468E+01 -0.73608723E+00  0.18166725E-01  0.28986938E-01  0.10000000E+01 -0.10000000E+01
     92     92     93  0.22657468E+01 -0.73608723E+00  0.18166725E-01  0.28986938E-01  0.10000000E+01  0.10000000E+01  0.23158504E+01 -0.64964093E+00  0.15278486E-01  0.28631723E-01  0.10000000E+01 -0.10000000E+01
     93     93     94  0.23158504E+01 -0.64964093E+00  0.15278486E-01  0.28631723E-01  0.10000000E+01  0.10000000E+01  0.23576713E+01 -0.56434327E+00  0.12644143E-01  0.28229369E-01  0.10000000E+01 -0.10000000E+01
     94     94     95  0.23576713E+01 -0.56434327E+00  0.12644143E-01  0.28229369E-01  0.10000000E+01  0.10000000E+01  0.23919583E+01 -0.48028618E+00  0.10253688E-01  0.27805408E-01  0.10000000E+01 -0.10000000E+01
     95     95     96  0.23919583E+01 -0.48028618E+00  0.10253688E-01  0.27805408E-01  0.10000000E+01  0.10000000E+01  0.24194251E+01 -0.39752111E+00  0.80959957E-02  0.27370786E-01  0.10000000E+01 -0.10000000E+01
     96     96     97  0.24194251E+01 -0.39752111E+00  0.80959957E-02  0.27370786E-01  0.10000000E+01  0.10000000E+01  0.24407544E+01 -0.31604923E+00  0.61592214E-02  0.26948037E-01  0.10000000E+01 -0.10000000E+01
     97     97     98  0.24407544E+01 -0.31604923E+00  0.61592214E-02  0.26948037E-01  0.10000000E+01  0.10000000E+01  0.24565800E+01 -0.23578949E+00  0.44218386E-02  0.26568593E-01  0.10000000E+01 -0.10000000E+01
     98     98     99  0.24565800E+01 -0.23578949E+00  0.44218386E-02  0.26568593E-01  0.10000000E+01  0.10000000E+01  0.24674513E+01 -0.15656021E+00  0.28493454E-02  0.26266628E-01  0.10000000E+01 -0.10000000E+01
     99     99    100  0.24674513E+01 -0.15656021E+00  0.28493454E-02  0.26266628E-01  0.10000000E+01  0.10000000E+01  0.24737947E+01 -0.78082136E-01  0.13940922E-02  0.26072101E-01  0.10000000E+01 -0.10000000E+01
    100    100      1  0.24737947E+01 -0.78082136E-01  0.13940922E-02  0.26072101E-01  0.10000000E+01  0.10000000E+01  0.24758777E+01  0.11405016E-07 -0.14786933E-06  0.26004896E-01  0.10000000E+01 -0.10000000E+01
      1      1      2      2
      2      3      4      2
      3      5      6      2
      4      7      8      2
      5      9     10      2
      6     11     12      2
      7     13     14      2
      8     15     16      2
      9     17     18      2
     10     19     20      2
     11     21     22      2
     12     23     24      2
     13     25     26      2
     14     27     28      2
     15     29     30      2
     16     31     32      2
     17     33     34      2
     18     35     36      2
     19     37     38      2
     20     39     40      2
     21     41     42      2
     22     43     44      2
     23     45     46      2
     24     47     48      2
     25     49     50      2
     26     51     52      2
     27     53     54      2
     28     55     56      2
     29     57     58      2
     30     59     60      2
     31     61     62      2
     32     63     64      2
     33     65     66      2
     34     67     68      2
     35     69     70      2
     36     71     72      2
     37     73     74      2
     38     75     76      2
     39     77     78      2
     40     79     80      2
     41     81     82      2
     42     83     84      2
     43     85     86      2
     44     87     88      2
     45     89     90      2
     46     91     92      2
     47     93     94      2
     48     95     96      2
     49     97     98      2
     50     99    100      2
     51    101    102      2
     52    103    104      2
     53    105    106      2
     54    107    108      2
     55    109    110      2
     56    111    112      2
     57    113    114      2
     58    115    116      2
     59    117    118      2
     60    119    120      2
     61    121    122      2
     62    123    124      2
     63    125    126      2
     64    127    128      2
     65    129    130      2
     66    131    132      2
     67    133    134      2
     68    135    136      2
     69    137    138      2
     70    139    140      2
     71    141    142      2
     72    143    144      2
     73    145    146      2
     74    147    148      2
     75    149    150      2
     76    151    152      2
     77    153    154      2
     78    155    156      2
     79    157    158      2
     80    159    160      2
     81    161    162      2
     82    163    164      2
     83    165    166      2
     84    167    168      2
     85    169    170      2
     86    171    172      2
     87    173    174      2
     88    175    176      2
     89    177    178      2
     90    179    180      2
     91    181    182      2
     92    183    184      2
     93    185    186      2
     94    187    188      2
     95    189    190      2
     96    191    192      2
     97    193    194      2
     98    195    196      2
     99    197    198      2
    100    199    200      2
